data_text = """198재 32 0 43 1610 36522
199재 23 0 38 2810 37858 유행
200재 36 1 42 2380 36603
201재 27 3 36 2010 36772
202재 26 3 33 2740 32009
203재 18 2 33 2440 36164
204재 11 1 48 3080 36955
205재 17 2 41 2570 32858
206재 25 0 34 1960 35960
207재 30 1 37 2370 35960
208재 23 1 29 2340 35123
209재 26 1 33 3410 34937
210재 34 3 44 3230 35960 유행
211재 16 0 45 2750 35600
212재 25 1 38 2370 36506
213재 25 0 32 2900 36626
214재 28 0 42 2700 34658
215재 22 2 38 1580 33789
216재 22 0 41 3550 33344
217재 11 0 29 2360 33984
218재 23 2 35 2100 32920
219재 28 2 24 2900 30743
220재 32 3 44 2190 36154
221재 21 0 23 2280 33676
222재 34 1 27 2060 35187
223재 22 7 36 1800 32732
224재 31 1 36 1830 34031
225재 18 0 38 2710 33517
226재 21 0 32 2120 30035
227재 28 0 30 2230 35821 유행
228재 20 1 32 2720 34822
229재 21 1 27 3290 34281
230재 30 3 39 2290 35984
231재 36 0 32 2170 34859
232재 23 1 33 1460 33477
233재 23 3 31 2300 35620
234재 23 0 37 2500 34264
235재 27 0 42 2640 34765
236재 19 1 37 1820 32653
237재 21 1 32 2630 32754
238재 22 2 29 2040 33526
239재 21 0 35 2860 34343
240재 23 2 46 2160 35176
241재 31 1 29 2190 34316
242재 15 1 26 2450 33316
243재 24 1 56 2720 34018
244재 23 0 33 1940 35134
245재 27 1 29 2850 33350
246재 20 0 39 2140 33351
247재 25 2 30 2200 33263
248재 23 1 42 3390 35887
249재 31 1 32 1690 33249
250재 27 0 30 2270 33448 유행
251재 26 1 30 2700 34577
252재 21 1 33 2580 32876
253재 27 0 32 1540 33612
254재 25 1 32 2830 34690 유행
255재 17 2 48 2790 34000
256재 22 3 40 2380 35603
257재 28 1 45 1660 35393
258재 23 1 37 2290 34168
259재 26 3 34 1880 35510
260재 19 0 45 3480 34041
261재 24 3 37 1640 33633
262재 26 2 39 2980 36827 유행
263재 26 1 30 1940 33223
264재 27 0 23 2880 33955
265재 32 4 38 2350 33448
266재 19 0 42 2980 32431
267재 23 1 29 2060 34006
268재 26 1 39 2120 33187
269재 12 2 28 2760 32385
270재 25 0 36 2730 37386
271재 25 1 32 1780 33284
272재 24 4 31 1780 33617
273재 17 0 25 2270 34881
274재 18 2 28 2440 34870
275재 33 0 38 2290 36821 유행
276재 32 0 39 2060 34218
277재 32 0 36 2200 35958
278재 25 2 38 2200 33635
279재 19 1 43 2250 33504
280재 22 1 19 2110 29565
281재 18 0 39 2110 33457
282재 16 0 31 1860 35496
283재 32 2 37 2080 34340
284재 18 1 34 2630 34879
285재 13 1 33 1100 29673
286재 29 1 35 2050 34059
287재 25 1 27 1600 34732
288재 24 2 43 1630 34963
289재 24 3 33 1640 35602
290재 22 0 28 1460 26951
291재 18 2 38 1530 30279
292재 16 0 51 3570 37514
293재 24 0 24 1650 29500
294재 27 1 37 2030 35649
295재 21 3 35 1360 33206
296재 16 1 25 1770 30356
297재 19 0 27 2010 29949
298재 33 2 37 2030 35525
299재 24 0 25 1250 33060
300재 32 2 36 2020 37043
301재 29 0 34 2480 36089
302재 24 2 31 1590 30468
303재 21 1 31 1830 28405
304재 12 2 41 2210 28904
305재 28 0 31 1430 33992
306재 24 1 27 2350 33416
307재 17 0 28 2150 32292
308재 22 0 35 3060 32773
309재 24 1 31 2840 33375
310재 21 2 31 1900 29023"""

# 데이터 행 분할
lines = data_text.split('\n')

# 조각, 마릿수, 유행여부 값 추출
fourth_column_frags_values = np.array([int(line.split()[3]) for line in lines if len(line.split()) > 5 and line.strip()])
sixth_column_values = np.array([int(line.split()[5]) for line in lines if len(line.split()) > 5 and line.strip()])
trend_column_values = np.array([1 if "유행" in line.split() else 0 for line in lines])

print("fourth_column_frags_values:", fourth_column_frags_values)
print("sixth_column_values:", sixth_column_values)
print("trend_column_values:", trend_column_values)
data_add_inven_2366485 = np.array([2.61 + 0.5 if trend == 1 else 2.61 for trend in trend_column_values])

# 췤
print("data_add_inven_2366485:", data_add_inven_2366485)
